
 843
 466
 183
 881
 40
 566
 833
 213
 680
 1006
 244
 140
 536
 1163
 690
 481
 956
 770
 423
 212
 623
 1063
 431
 801
 482
 20
 227
 1003
 466
 785
 670
 684
 766
 317
 770
 232
 559
 944
 619
 1035
 432
 1002
 469
 754
 107
 515
 115
 1137
 428
 500
 884
 958
 1023
 230
 714
 571
 107
 1091
 608
 399
 899
 936
 969
 389
 1149
 1097
 1189
 1015
 11
 53
 632
 524
 1008
 592
 260
 55
 1002
 888
 588
 990
 289
 1069
 835
 465
 477
 423
 504
 590
 468
 172
 186
 775
 188
 719
 170
 564
 1141
 849
 606
 577
 1052
 1061
 740
 1146
 954
 702
 230
 877
 1189
 962
 534
 418
 1084
 871
 502
 771
 721
 1103
 312
 675
 337
 198
 983
 993
 279
 520
 769
 603
 625
 440
 1100
 284
 969
 948
 693
 116
 547
 547
 445
 791
 526
 966
 489
 1078
 471
 1083
 113
 839
 385
 362
 299
 786
 101
 198
 58
 935
 806
 461
 573
 688
 743
 756
 507
 762
 863
 405
 736
 771
 357
 145
 69
 331
 235
 927
 672
 195
 292
 525
 673
 341
 209
 1051
 985
 1023
 603
 365
 312
 193
 17
 23
 736
 782
 1024
 1191
 1035
 961
 228
 948
 1024
 59
 1127
 393
 308
 1062
 52
 292
 280
 319
 876
 959
 649
 889
 640
 1065
 1068
 1084
 708
 237
 704
 197
 120
 1002
 807
 1029
 113
 840
 582
 150
 454
 652
 947
 779
 581
 676
 811
 778
 470
 860
 699
 992
 268
 668
 22
 64
 922
 140
 775
 960
 86
 267
 191
 113
 617
 765
 184
 323
 323
 233
 359
 1029
 306
 907
 790
 551
 152
 211
 522
 429
 1209
 1090
 554
 373
 104
 659
 290
 762
 409
 821
 596
 372
 1185
 111
 616
 124
 468
 1050
 1113
 128
 644
 503
 1211
 1039
 1161
 1152
 980
 1152
 887
 624
 1140
 767
 598
 733
 504
 288
 64
 494
 463
 347
 750
 1115
 724
 16
 467
 322
 27
 245
 633
 60
 1036
 388
 1053
 713
 1
 352
 39
 793
 115
 171
 619
 870
 999
 1124
 674
 608
 554
 641
 1196
 277
 661
 331
 164
 997
 501
 935
 1030
 740
 39
 346
 1017
 1134
 755
 127
 1156
 712
 993
 578
 1048
 604
 1027
 963
 989
 713
 552
 550
 1056
 847
 407
 636
 409
 631
 829
 1043
 396
 1098
 745
 750
 185
 423
 71
 1167
 635
 876
 707
 1038
 75
 1161
 309
 31
 1076
 559
 853
 385
 947
 559
 924
 708
 240
 885
 541
 817
 139
 691
 546
 115
 29
 288
 180
 393
 1176
 1025
 743
 257
 374
 304
 855
 1185
 898
 353
 557
 1001
 224
 645
 864
 646
 860
 1205
 855
 388
 450
 428
 1177
 519
 61
 528
 539
 782
 568
 274
 886
 1045
 447
 832
 1051
 103
 122
 140
 337
 160
 646
 392
 166
 1187
 612
 448
 294
 502
 158
 640
 369
 1160
 186
 296
 337
 827
 637
 227
 149
 524
 890
 575
 306
 61
 332
 877
 816
 686
 1170
 1115
 715
 853
 233
 284
 815
 1095
 614
 566
 158
 166
 562
 470
 865
 404
 610
 877
 655
 495
 1056
 488
 298
 328
 88
 796
 489
 999
 459
 133
 1205
 920
 1125
 1150
 326
 965
 625
 265
 692
 1176
 888
 1201
 375
 262
 422
 1163
 681
 229
 1204
 109
 599
 114
 856
 1035
 1010
 795
 135
 568
 151
 520
 499
 846
 1040
 1186
 557
 323
 731
 509
 968
 1036
 110
 764
 1005
 1206
 420
 25
 1156
 736
 631
 1161
 990
 492
 1169
 1206
 254
 1152
 983
 1136
 43
 1140
 550
 1164
 70
 1025
 348
 88
 925
 282
 71
 199
 293
 1073
 1066
 559
 899
 930
 500
 535
 1030
 217
 697
 456
 248
 773
 881
 1134
 144
 15
 82
 505
 511
 535
 730
 468
 1162
 315
 878
 203
 566
 1187
 431
 651
 440
 182
 715
 901
 54
 714
 932
 349
 132
 1073
 898
 18
 1114
 174
 215
 855
 496
 395
 141
 724
 773
 258
 784
 15
 148
 792
 1088
 981
 100
 332
 785
 441
 683
 647
 165
 625
 303
 874
 778
 602
 1056
 638
 323
 695
 836
 130
 281
 693
 1177
 691
 1076
 654
 152
 154
 1090
 568
 752
 512
 44
 858
 1024
 911
 67
 741
 316
 350
 844
 49
 414
 953
 838
 902
 126
 749
 253
 1021
 357
 584
 311
 649
 1196
 1090
 847
 1103
 640
 446
 1044
 698
 95
 814
 1141
 345
 637
 773
 1105
 87
 621
 810
 757
 960
 327
 903
 832
 126
 1100
 514
 745
 1041
 161
 810
 1131
 17
 364
 977
 874
 708
 334
 64
 255
 441
 1033
 344
 681
 1009
 684
 958
 721
 791
 224
 982
 713
 79
 41
 1190
 538
 1145
 227
 757
 15
 764
 859
 257
 670
 9
 396
 198
 885
 931
 1049
 994
 385
 1200
 539
 813
 379
 1136
 1007
 1142
 1180
 1037
 42
 673
 454
 559
 1017
 401
 574
 767
 309
 950
 983
 879
 152
 1036
 556
 0
 404
 814
 582
 593
 193
 93
 365
 905
 1133
 896
 555
 951
 334
 498
 1087
 838
 1188
 302
 117
 106
 107
 698
 896
 328
 994
 165
 340
 108
 493
 704
 489
 50
 1161
 1000
 1041
 322
 1026
 303
 872
 719
 658
 1065
 894
 718
 898
 456
 444
 632
 239
 1058
 1105
 504
 1118
 1070
 1184
 1042
 1181
 742
 286
 353
 620
 551
 469
 374
 1126
 876
 418
 639
 311
 629
 1144
 944
 264
 736
 324
 1150
 1172
 468
 1152
 982
 436
 281
 724
 782
 636
 211
 668
 564
 17
 526
 39
 59
 748
 742
 27
 363
 960
 241
 836
 157
 1017
 1186
 792
 17
 875
 776
 1201
 95
 277
 387
 883
 661
 406
 109
 935
 694
 2
 30
 972
 792
 508
 169
 1131
 17
 589
 899
 896
 89
 679
 85
 247
 200
 826
 87
 935
 14
 315
 62
 691
 955
 1177
 118
 409
 1016
 1007
 1019
 1193
 980
 1102
 992
 1019
 779
 1148
 412
 650
 849
 306
 872
 276
 467
 83
 892
 945
 721
 701
 227
 877
 1088
 207
 742
 1032
 167
 506
 1164
 299
 643
 1098
 459
 787
 1115
 29
 637
 727
 118
 893
 110
 372
 773
 272
 307
 457
 936
 843
 811
 676
 592
 276
 704
 226
 279
 552
 549
 554
 238
 18
 416
 354
 198
 949
 106
 1191
 78
 337
 254
 559
 818
 874
 1180
 202
 961
 227
 299
 175
 938
 269
 188
 76
 582
 669
 69
 350
 159
 551
 726
 1084
 621
 138
 633
 1130
 608
 343
 469
 601
 311
 863
 63
 705
 498
 353
 771
 1135
 531
 937
 1046
 813
 221
 1150
 148
 1107
 541
 217
 34
 363
 154
 578
 634
 545
 872
 1091
 917
 1148
 1029
 680
 415
 408
 437
 783
 73
 626
 620
 494
 1065
 268
 566
 737
 1195
 21
 293
 958
 482
 322
 630
 1004
 1129
 549
 108
 1161
 117
 146
 279
 294
 825
 191
 1076
 276
 1014
 536
 442
 941
 1184
 1122
 240
 255
 793
 48
 453
 262
 965
 218
 1122
 46
 1030
 626
 709
 217
 138
 43
 184
 592
 311
 108
 6
 6
 734
 44
 668
 1092
 999
 1115
 829
 423
 216
 1136
 63
 1059
 317
 603
 943
 70
 504
 506
 838
 808
 595
 661
 1011
 1041
 673
 824
 1051
 945
 510
 967
 569
 1126
 758
 373
 934
 661
 937
 157
 1107
 53
 203
 121
 254
 329
 63
 369
 418
 1169
 754
 894
 713
 902
 778
 855
 675
 1069
 676
 986
 18
 638
 395
 1202
 435
 162
 1021
 433
 267
 0
 738
 201
 559
 570
 54
 336
 244
 637
 678
 148
 667
 1167
 910
 376
 653
 101
 920
 1126
 257
 375
 143
 130
 1026
 680
 981
 171
 504